4862975329347346210777579564105233122152314356698933301830794327
9507237963643979589888379934801282214985435452589530111958564853
7694992189441734736031505950334267172642802785367038826058541517
3769964485229316674818339291306211521393307538257509704691366494
9950244518028676115656622444641256667880422990724381708011559994
6713304838709026927271351891234360643028579330666356662217754883
2057920332784053150641401606791276343429997775851549515756598553
1582814374184703919948529569662940718888532168659174892671863641
7829183196013142917725162279735146326298981568732711663945185949
5981709010191791562387485030755955955517371123382039832818052866
6184660966705558829183763477670420167706760857555413127357512941
8466770768435713187951695460299596545453864480112680326291232865
4133386167058068923813099668800729145608270089219870755778304358
8253722267563734351775408704549696903367493610157379649375168557
9614157373945132570681751822736956201971615478576120261850184736
6972891183071020426591265362300287237468316192545011959592077132
8509586848166265198169317780699752704879268886642467233143248834
7985368798082356467831007278599590527624641335801024351517612260
8234228392849829778669538631332438441187688084777820427981133034
5390478915072349686187982747505654718080269985839820556954475468
3145494638955410102858347240388041241095239279048881945165995725
1817973895776152688582008097618243514172490451282698775183592111
9279360429433977535280533810210694738895986529642898648867972092
7961987747929329130262401029192377393878473757358387782858123415
4535560068712442977342385207626147872857179320942056716267638569
1543668142094992862788388867888783405102517634905255889344105116
4251706498559707565188722952322178868955801728563096935629613567
2273455261254291773845341471506313495275797931298903152861652473
8019981499653938598648422739505027887640751279926691950515121959
9114467543786151408640049160105120242142676711995475385348195672
2542681058916383324580065266403738155259988084768840198725984556
2504565480961373924823163607456090591527472283674429193998092555
5974140385932652656438909770633770739488836511928495844496408368
2979211055678799214148467305480334871245381241012488600766076335
8197946167411081383988538826552915106725636942328457153680509566
3582239665255694538356044278360146245807172656215081356986554788
7270263773285586400728452222763154258382916870073770113824782486
9812977457345065499951711658290418274234493390472771159712746841
2551627334643546599714046824518897027492562882296695925576364405
8440198222449181523698784141303649216951715818019675535946702076
7427473888463133117148172197705190831644646858018008628160424681
3004755124934481180682395100496644256826202648774776299825707253
7109170073119943638923204830159815295303611433454061613349065345
9561431239007027742234947835720564166980539244707464369975549395
7391706650324154400139343741934094904386206579265436531127705366
3433680352482020497784332712517280419937565299327265654219212868
5926579687549632904188848116137140451729286412491311220750238026
3392504053962789559892743266638631804295881836362364944858931503
5977938890943458169763672689432991587376187595764034325942284407
7522296940509470745956616771527695969584670340407663390460671522
1505128555523719566819809948387685112568591952246956640548963531
2931186563634832742056051372324764399458606197006391918796469258
8294307176159357767792041762611540563319360934257102534020456332
7137575482156008225360917235116036837713469884297179840151431846
8720341379291109366261015261280316099816324956768564783721825000
9300617191116856112662709634149148418866889895727937224957042334
8869388918193732781941773159651712275618385630842992349373304626
3628471715395247954363442054936291729698391693418938808185768069
7809121970693481135452727934225753955901414675532519116472845759
8991981027842422972221305589678510125376708491544762406038579926
